0.0 1.9642714013334466 1.7430098068573139
0.01 1.6665776082970016 1.5136247941308578
0.02 1.6656910727080627 1.5129416828866598
0.03 1.6650231349355744 1.5124270100314419
0.04 1.6642337539317247 1.5118187602934572
0.05 1.66450092904072 1.5120246294355442
0.06 1.6645737949795367 1.5120807755652044
0.07 1.6648045371191236 1.5122585716424615
0.08 1.6651931554594805 1.5125580176673155
0.09 1.6652660213982973 1.5126141637969757
0.1 1.6658125159394241 1.5130352597694265
0.11 1.665715361354335 1.5129603982632132
0.12 1.6659946807864663 1.5131756250935768
0.13 1.6665654639738654 1.5136154364425811
0.14 1.6666504742358184 1.513680940260518
0.15 1.6671483914844005 1.5140646054798623
0.16 1.6673669893008514 1.5142330438688427
0.17 1.6673791336239874 1.5142424015571194
0.18 1.6676098757635742 1.5144201976343763
0.19 1.6677313189949359 1.5145137745171433
0.2 1.6679499168113865 1.5146822129061237
0.21 1.6682535248897903 1.5149161551130408
0.22 1.6682535248897903 1.5149161551130408
0.23 1.6685328443219216 1.5151313819434047
0.24 1.6686785761995555 1.5152436742027249
0.25 1.6687271534921002 1.5152811049558317
0.26 1.668629998907011 1.5152062434496183
0.27 1.6688728853697339 1.5153933972151519
0.28 1.6691036275093207 1.515571193292409
0.29 1.669285792356363 1.5157115586165593
0.3 1.6695772561116307 1.5159361431351999
0.31 1.6697837096049453 1.5160952238359036
0.32 1.6700265960676681 1.5162823776014374
0.33 1.670245193884119 1.5164508159904178
0.34 1.6700630290370766 1.5163104506662675
0.35 1.670245193884119 1.5164508159904178
0.36 1.6706216679013395 1.516740904326995
0.37 1.670573090608795 1.5167034735738882
0.38 1.6707795441021094 1.516862554274592
0.39 1.671143873796194 1.5171432849228927
0.4 1.6711074408267854 1.5171152118580626
0.41 1.6715203478134146 1.51743337325947
0.42 1.6718118115686822 1.5176579577781104
0.43 1.6720668423545413 1.517854469231921
0.44 1.6722368628784474 1.5179854768677945
0.45 1.6724797493411705 1.5181726306333283
0.46 1.6725647596031235 1.5182381344512652
0.47 1.6726497698650766 1.518303638269202
0.48 1.6730626768517056 1.5186217996706093
0.49 1.6732812746681565 1.5187902380595897
0.5 1.6732084087293395 1.5187340919299297
0.51 1.671386760258917 1.5173304386884263
0.52 1.6707552554558371 1.5168438388980385
0.53 1.6701480392990298 1.5163759544842041
0.54 1.6692372150638184 1.5156741278634527
0.55 1.6685814216144663 1.5151688126965115
0.56 1.6683992567674242 1.5150284473723612
0.57 1.668168514627837 1.514850651295104
0.58 1.667658453056119 1.514457628387483
0.59 1.6669905152836306 1.5139429555322652
0.6 1.66661404126641 1.513652867195688
0.61 1.6665654639738654 1.5136154364425811
0.62 1.665897526201377 1.5131007635873635
0.63 1.6656060624461095 1.5128761790687228
0.64 1.665241732752025 1.5125954484204223
0.65 1.6645616506564007 1.5120714178769277
0.66 1.6638087026219595 1.511491241203773
0.67 1.6632864967271048 1.5110888606078754
0.68 1.6626307032777528 1.5105835454409342
0.69 1.6619384768589922 1.5100501572091631
0.7 1.6611612401782787 1.509451265159455
0.71 1.661355549348457 1.509600988171882
0.72 1.660954786684964 1.5092921844587512
0.73 1.660711900222241 1.5091050306932174
0.74 1.6601775500042506 1.5086932924090433
0.75 1.659655344109396 1.5082909118131458
0.76 1.6590724165988608 1.5078417427758646
0.77 1.6583923345032365 1.5073177122323702
0.78 1.6580765821016965 1.5070744123371762
0.79 1.6572143351590298 1.5064100164695313
0.8 1.6567892838492646 1.5060824973798472
0.81 1.6559513255528704 1.5054368168887557
0.82 1.655113367256476 1.5047911363976643
0.83 1.6546033056847576 1.5043981134900435
0.84 1.6540932441130394 1.5040050905824225
0.85 1.6540325224973587 1.503958302141039
0.86 1.6533038631091896 1.5033968408444378
0.87 1.6525630593978844 1.5028260218595597
0.88 1.6524537604896592 1.5027418026650696
0.89 1.6519072659485323 1.5023207066926187
0.9 1.651482214638767 1.5019931876029347
0.91 1.650571390403556 1.501291360982183
0.92 1.6502070607094714 1.5010106303338824
0.93 1.6497577207534337 1.5006643958676449
0.94 1.6494662569981662 1.5004398113490043
0.95 1.649369102413077 1.500364949842791
0.96 1.6507778438968703 1.5014504416828867
0.97 1.6522351626732084 1.5025733642760892
0.98 1.6573965000060722 1.5065503817936816
0.99 1.6701237506527573 1.5163572391076507
1.0 1.790886899918633 1.6094100913310376
