0.0 1.9546409530864797 1.7355960435323732
0.01 1.665970392140194 1.5131617117243574
0.02 1.665399608952795 1.5127218962596969
0.03 1.6650109906124382 1.5124224474326942
0.04 1.6646952382108984 1.5121791452607545
0.05 1.6642944755474054 1.5118703386579078
0.06 1.6644159187787668 1.511963916416346
0.07 1.6648652587348045 1.512310154122568
0.08 1.6652903100445697 1.5126376762771025
0.09 1.665387464629659 1.5127125384838531
0.1 1.6659218148476496 1.513124280620982
0.11 1.665885381878241 1.5130962072934504
0.12 1.6660796910484195 1.513245931706952
0.13 1.6665897526201376 1.513638958292393
0.14 1.6667476288209078 1.5137606093783629
0.15 1.6668812163754052 1.5138635449126452
0.16 1.6673548449777151 1.5142284981705547
0.17 1.6673548449777151 1.5142284981705547
0.18 1.6675977314404382 1.5144156536874316
0.19 1.6677070303486634 1.5144998736700261
0.2 1.6679256281651142 1.5146683136352153
0.21 1.668229236243518 1.5149022580313112
0.22 1.6682049475972456 1.5148835424796234
0.23 1.6684842670293771 1.5150987713240318
0.24 1.6686178545838748 1.515201706858314
0.25 1.6688121637540532 1.5153514312718153
0.26 1.6688485967234616 1.5153795045993468
0.27 1.6690914831861847 1.5155666601162237
0.28 1.6693222253257716 1.5157444578572565
0.29 1.6694922458496775 1.5158754667190701
0.3 1.6697958539280813 1.516109411115166
0.31 1.6700144517445321 1.5162778510803552
0.32 1.6703059154997997 1.5165024377006073
0.33 1.6704516473774333 1.5166147310107334
0.34 1.6703059154997997 1.5165024377006073
0.35 1.670500224669978 1.5166521621141087
0.36 1.6706702451938842 1.5167831709759225
0.37 1.6708402657177903 1.5169141798377361
0.38 1.671058863534241 1.5170826198029252
0.39 1.6714231932283254 1.5173633530782404
0.4 1.6714110489051892 1.5173539953023965
0.41 1.6718482445380907 1.5176908752327747
0.42 1.6721518526164945 1.5179248196288706
0.43 1.6724068834023536 1.5181213329215912
0.44 1.6725647596031235 1.518242984007561
0.45 1.6728197903889828 1.5184394973002817
0.46 1.6728926563277995 1.5184956439553448
0.47 1.6729776665897527 1.5185611483862516
0.48 1.6733905735763817 1.518879312764942
0.49 1.6736091713928325 1.5190477527301312
0.5 1.6735241611308793 1.5189822482992243
0.51 1.671957543446316 1.5177750952153692
0.52 1.6713746159357807 1.517325921974865
0.53 1.6706459565476117 1.5167644554242348
0.54 1.6698201425743535 1.5161281266668538
0.55 1.6690186172473678 1.5155105134611606
0.56 1.6688485967234616 1.5153795045993468
0.57 1.6686907205226917 1.515257853513377
0.58 1.6683628237980157 1.5150051935655933
0.59 1.667828473580025 1.5145934514284645
0.6 1.667427710916532 1.5142846448256178
0.61 1.6671119585149923 1.514041342653678
0.62 1.66661404126641 1.5136576738440808
0.63 1.6661647013103724 1.5133114361378588
0.64 1.6655331965072926 1.5128248317939792
0.65 1.6647073825340344 1.5121885030365982
0.66 1.6641244550234993 1.5117393297960942
0.67 1.6635658161592364 1.5113088721072776
0.68 1.6629464556792928 1.5108316255392418
0.69 1.662569981662072 1.5105415344880828
0.7 1.661987054151537 1.5100923612475787
0.71 1.662242084937396 1.5102888745402994
0.72 1.66191418821272 1.5100362145925157
0.73 1.6614527039335463 1.50968061911045
0.74 1.661112662885734 1.5094186013868225
0.75 1.6606754672528328 1.5090817214564443
0.76 1.6599225192183913 1.5085015393541263
0.77 1.6589509733674994 1.5077529172866193
0.78 1.6588538187824102 1.5076780550798685
0.79 1.6579672831934713 1.5069949374432685
0.8 1.6571657578664853 1.5063773242375753
0.81 1.6565221087402693 1.5058813621178517
0.82 1.655684150443875 1.505235675584627
0.83 1.6547976148549361 1.504552557948027
0.84 1.6543239862526262 1.5041876046901173
0.85 1.6540932441130394 1.5040098069490844
0.86 1.6532795744629174 1.5033828359675472
0.87 1.6525630593978844 1.5028307271927608
0.88 1.6521015751187107 1.502475131710695
0.89 1.6514457816693586 1.5019698118151277
0.9 1.6508385655125513 1.5015019230229358
0.91 1.6505349574341475 1.50126797862684
0.92 1.6498305866922507 1.5007252276278975
0.93 1.649696999137753 1.5006222920936152
0.94 1.648895473810767 1.500004678887922
0.95 1.6490776386578094 1.5001450455255796
0.96 1.6506928336349174 1.5013896297128098
0.97 1.6528302345068797 1.5030365982613252
0.98 1.6577972626695652 1.5068639285814547
0.99 1.6706216679013395 1.516745739872547
1.0 1.7891988390027083 1.6081150632117758
