0.0 1.9611138773180476 1.740479799397444
0.01 1.6638087026219595 1.5114242407230674
0.02 1.6634322286047387 1.511134190385299
0.03 1.663043610264382 1.5108347835850222
0.04 1.6622177962911238 1.5101985441344337
0.05 1.661987054151537 1.5100207713467693
0.06 1.6622056519679875 1.510189187671925
0.07 1.6625578373389358 1.5104605250846759
0.08 1.6629586000024288 1.5107692883474615
0.09 1.6630800432337904 1.510862852972548
0.1 1.6636022491286448 1.5112651808604203
0.11 1.663529383189828 1.5112090420853683
0.12 1.663784413975687 1.51140552779805
0.13 1.664355197163086 1.5118452815359569
0.14 1.664440207425039 1.5119107767735174
0.15 1.6649624133198937 1.5123131046613896
0.16 1.6651445781669358 1.5124534515990193
0.17 1.6651931554594805 1.512490877449054
0.18 1.6654481862453396 1.512687363161736
0.19 1.6655210521841566 1.5127435019367876
0.2 1.6657396500006072 1.5129119182619435
0.21 1.6660675467252832 1.5131645427496772
0.22 1.6662497115723256 1.513304889687307
0.23 1.6663347218342786 1.5133703849248676
0.24 1.6664804537119124 1.5134826624749715
0.25 1.6666747628820908 1.5136323658751099
0.26 1.6667111958514993 1.513660435262636
0.27 1.6669662266373584 1.5138569209753177
0.28 1.6672091131000815 1.5140440502254908
0.29 1.6673791336239874 1.5141750407006118
0.3 1.667658453056119 1.514390239338311
0.31 1.6678649065494335 1.5145492992009582
0.32 1.668168514627837 1.5147832107636745
0.33 1.6683992567674242 1.514960983551339
0.34 1.6682170919203818 1.5148206366137091
0.35 1.668314246505471 1.5148954883137784
0.36 1.6684842670293771 1.5150264787888994
0.37 1.6686664318764193 1.5151668257265294
0.38 1.6688728853697339 1.5153258855891765
0.39 1.6692372150638184 1.515606579464436
0.4 1.6692129264175462 1.5155878665394187
0.41 1.6696258334041751 1.515905986264713
0.42 1.669917297159443 1.5161305413649206
