0.0 1.7794272449998652 1.6424392088811763
0.01 1.5834435477340818 1.480900576208592
0.02 1.5835245215795297 1.480967318516541
0.03 1.5835245215795297 1.480967318516541
0.04 1.5835245215795297 1.480967318516541
0.05 1.5835245215795297 1.480967318516541
0.06 1.583497530297714 1.480945071080558
0.07 1.583335582606818 1.48081158646466
0.08 1.583335582606818 1.48081158646466
0.09 1.583335582606818 1.48081158646466
0.1 1.5833625738886339 1.480833833900643
0.11 1.5833625738886339 1.480833833900643
0.12 1.583416556452266 1.480878328772609
0.13 1.583416556452266 1.480878328772609
0.14 1.5835245215795297 1.480967318516541
0.15 1.5835245215795297 1.480967318516541
0.16 1.5835245215795297 1.480967318516541
0.17 1.5835245215795297 1.480967318516541
0.18 1.583497530297714 1.480945071080558
0.19 1.583497530297714 1.480945071080558
0.2 1.5834705390158978 1.480922823644575
0.21 1.5834705390158978 1.480922823644575
0.22 1.5834705390158978 1.480922823644575
0.23 1.5834705390158978 1.480922823644575
0.24 1.5834705390158978 1.480922823644575
0.25 1.5834705390158978 1.480922823644575
0.26 1.5834705390158978 1.480922823644575
0.27 1.5834705390158978 1.480922823644575
0.28 1.5834705390158978 1.480922823644575
0.29 1.5834705390158978 1.480922823644575
0.3 1.5834705390158978 1.480922823644575
0.31 1.5834705390158978 1.480922823644575
0.32 1.5834705390158978 1.480922823644575
0.33 1.5834705390158978 1.480922823644575
0.34 1.5834705390158978 1.480922823644575
0.35 1.5834705390158978 1.480922823644575
0.36 1.5834705390158978 1.480922823644575
0.37 1.5834705390158978 1.480922823644575
0.38 1.5834705390158978 1.480922823644575
0.39 1.5834705390158978 1.480922823644575
0.4 1.5834705390158978 1.480922823644575
0.41 1.5834705390158978 1.480922823644575
0.42 1.5834705390158978 1.480922823644575
0.43 1.5834705390158978 1.480922823644575
0.44 1.5834705390158978 1.480922823644575
0.45 1.5834705390158978 1.480922823644575
0.46 1.5834705390158978 1.480922823644575
0.47 1.5834705390158978 1.480922823644575
0.48 1.5834705390158978 1.480922823644575
0.49 1.5834705390158978 1.480922823644575
0.5 1.5828767308159464 1.480433380052949
0.51 1.5783961780344948 1.4767403056797703
0.52 1.577235552916408 1.4757836659325012
0.53 1.5765877621528246 1.4752497274689091
0.54 1.576290858052849 1.4750050056730961
0.55 1.5754001457529219 1.474270840285657
0.56 1.5749412939620502 1.473892633873946
0.57 1.5743744770439148 1.473425437718303
0.58 1.5739696078166752 1.4730917261785579
0.59 1.5729979216713001 1.4722908184831698
0.6 1.5724311047531647 1.4718236223275267
0.61 1.5715403924532376 1.4710894569400876
0.62 1.5704877324624147 1.4702218069367505
0.63 1.5697589678533834 1.4696211261652095
0.64 1.5691111770898 1.4690871877016174
0.65 1.5677346217171853 1.4679525684664843
0.66 1.5668169181354423 1.4671961556430622
0.67 1.5662231099354909 1.466706712051436
0.68 1.5652244325082998 1.465883556920065
0.69 1.5645766417447164 1.465349618456473
0.7 1.5632000863721018 1.4642149992213398
0.71 1.562066452535831 1.4632806069100537
0.72 1.5611217576722718 1.4625019466506486
0.73 1.559826176145105 1.4614340697234645
0.74 1.5586115684633863 1.4604329351042293
0.75 1.5562903182272125 1.4585196556096909
0.76 1.5544009285000944 1.4569623350908807
0.77 1.5531323382547437 1.4559167055996796
0.78 1.5510540095549137 1.4542036530289884
0.79 1.5491106372641636 1.4526018376382122
0.8 1.5475721342006532 1.451333733787181
0.81 1.5458986747280627 1.4499543927562348
0.82 1.5450889362735836 1.4492869696767448
0.83 1.54276768603741 1.4473736901822065
0.84 1.540608383492132 1.4455938953035663
0.85 1.5380442117196145 1.443480388885181
0.86 1.5363707522470242 1.4421010478542349
0.87 1.5339685281654025 1.4401210260517476
0.88 1.5318092256201248 1.4383412311731072
0.89 1.528543280520392 1.4356492914191639
0.9 1.5255742395206349 1.4332020734610336
0.91 1.5230910415935652 1.4311553093505973
0.92 1.5195012011120408 1.428196400364858
0.93 1.5168560554940753 1.4260161516385237
0.94 1.512213555021728 1.4221895926494472
0.95 1.5083268104402279 1.4189859618678948
0.96 1.5056006909768145 1.4167389708336113
0.97 1.5038732489405922 1.4153151349306992
0.98 1.5044670571405436 1.4158045785223252
0.99 1.5136171016761586 1.4233464593205634
1.0 1.5685713514534805 1.4686422389819573
