0.0 1.7791033496180733 1.6421150979912353
0.01 1.5827687656886826 1.4803016483883167
0.02 1.5828227482523145 1.4803461393010477
0.03 1.5827687656886826 1.4803016483883167
0.04 1.5827687656886826 1.4803016483883167
0.05 1.5827417744068666 1.480279402931951
0.06 1.5827417744068666 1.480279402931951
0.07 1.5826338092796026 1.480190421106489
0.08 1.5826338092796026 1.480190421106489
0.09 1.5826338092796026 1.480190421106489
0.1 1.5826608005614187 1.4802126665628546
0.11 1.5826608005614187 1.4802126665628546
0.12 1.5827147831250505 1.4802571574755856
0.13 1.5827147831250505 1.4802571574755856
0.14 1.5827957569704985 1.4803238938446823
0.15 1.5828227482523145 1.4803461393010477
0.16 1.5828227482523145 1.4803461393010477
0.17 1.5828227482523145 1.4803461393010477
0.18 1.5827957569704985 1.4803238938446823
0.19 1.5827957569704985 1.4803238938446823
0.2 1.5827417744068666 1.480279402931951
0.21 1.5827417744068666 1.480279402931951
0.22 1.5827417744068666 1.480279402931951
0.23 1.5827417744068666 1.480279402931951
0.24 1.5827417744068666 1.480279402931951
0.25 1.5827417744068666 1.480279402931951
0.26 1.5827417744068666 1.480279402931951
0.27 1.5827417744068666 1.480279402931951
0.28 1.5827417744068666 1.480279402931951
0.29 1.5827417744068666 1.480279402931951
0.3 1.5827417744068666 1.480279402931951
0.31 1.5827417744068666 1.480279402931951
0.32 1.5827417744068666 1.480279402931951
0.33 1.5827417744068666 1.480279402931951
0.34 1.5827417744068666 1.480279402931951
0.35 1.5827417744068666 1.480279402931951
0.36 1.5827417744068666 1.480279402931951
0.37 1.5827417744068666 1.480279402931951
0.38 1.5827417744068666 1.480279402931951
0.39 1.5827417744068666 1.480279402931951
0.4 1.5827417744068666 1.480279402931951
0.41 1.5827417744068666 1.480279402931951
0.42 1.5827417744068666 1.480279402931951
0.43 1.5827417744068666 1.480279402931951
0.44 1.5827417744068666 1.480279402931951
0.45 1.5827417744068666 1.480279402931951
0.46 1.5827417744068666 1.480279402931951
0.47 1.5827417744068666 1.480279402931951
0.48 1.5827417744068666 1.480279402931951
0.49 1.5827417744068666 1.480279402931951
0.5 1.5821479662069151 1.4797900028919093
0.51 1.5768306836891683 1.4754076479878984
0.52 1.5759939539528731 1.4747180388405667
0.53 1.5756430672892656 1.474428847907815
0.54 1.5746713811438906 1.4736280114786555
0.55 1.5738346514075954 1.472938402331324
0.56 1.57326783448946 1.4724712477476476
0.57 1.5728899565440362 1.47215981135853
0.58 1.572134200653189 1.471536938580295
0.59 1.571243488353262 1.4708028385202323
0.6 1.5707306539987584 1.470380174849287
0.61 1.5700018893897272 1.4697795475274176
0.62 1.5694890550352236 1.4693568838564723
0.63 1.5684633863262167 1.4685115565145819
0.64 1.5674107263353936 1.467643983716326
0.65 1.5664120489082027 1.4668209018308012
0.66 1.5656023104537236 1.466153538139835
0.67 1.5641447812356608 1.464952283496096
0.68 1.5633080514993658 1.4642626743487643
0.69 1.5622014089449108 1.4633506106377772
0.7 1.561013792545008 1.4623718105576935
0.71 1.5596102458905774 1.4612150468266856
0.72 1.5585575858997545 1.4603474740284297
0.73 1.5575049259089315 1.4594799012301738
0.74 1.5562363356635807 1.4584343647809934
0.75 1.554940754136414 1.4573665828754476
0.76 1.5531053469729277 1.4558538918425912
0.77 1.551728791600313 1.4547193735679487
0.78 1.5500553321277228 1.4533401552732854
0.79 1.5491106372641636 1.4525615643004917
0.8 1.5474101865097574 1.4511601005494628
0.81 1.5454668142190073 1.4495584276911442
0.82 1.5440092850009446 1.448357173047405
0.83 1.5423628168101704 1.4470002002091074
0.84 1.5404734270830522 1.4454430182635196
0.85 1.5390158978649897 1.4442417636197806
0.86 1.5370455342924236 1.4426178453050964
0.87 1.5342384409835623 1.4403043178430806
0.88 1.5312424087019894 1.4378350721865059
0.89 1.5287052282112878 1.4357439992881453
0.9 1.525601230802451 1.4331857718061085
0.91 1.5230910415935652 1.4311169443641136
0.92 1.5197981052120164 1.428402998687518
0.93 1.5167480903668116 1.4258892621182124
0.94 1.512321520148992 1.4222410072742642
0.95 1.5086507058220195 1.419215625208551
0.96 1.5048719263677832 1.416101261317376
0.97 1.5036573186860644 1.4151002157809267
0.98 1.5046290048314395 1.415901052210086
0.99 1.5138870144943184 1.4235312437434653
1.0 1.5686253340171126 1.468645029252775
