0.0 1.7823153121541742 1.6448196845313579
0.01 1.5887878215336446 1.4853055685332266
0.02 1.5888418040972765 1.4853500634051926
0.03 1.5888418040972765 1.4853500634051926
0.04 1.5888418040972765 1.4853500634051926
0.05 1.5888148128154607 1.4853278159692096
0.06 1.5888148128154607 1.4853278159692096
0.07 1.5887878215336446 1.4853055685332266
0.08 1.5887878215336446 1.4853055685332266
0.09 1.5887878215336446 1.4853055685332266
0.1 1.5888148128154607 1.4853278159692096
0.11 1.5888148128154607 1.4853278159692096
0.12 1.5888687953790925 1.4853723108411756
0.13 1.5888687953790925 1.4853723108411756
0.14 1.5889497692245405 1.4854390531491246
0.15 1.5889767605063565 1.4854613005851076
0.16 1.5889767605063565 1.4854613005851076
0.17 1.5889767605063565 1.4854613005851076
0.18 1.5889497692245405 1.4854390531491246
0.19 1.5889497692245405 1.4854390531491246
0.2 1.5889227779427244 1.4854168057131416
0.21 1.5889227779427244 1.4854168057131416
0.22 1.5889227779427244 1.4854168057131416
0.23 1.5889227779427244 1.4854168057131416
0.24 1.5889227779427244 1.4854168057131416
0.25 1.5889227779427244 1.4854168057131416
0.26 1.5889227779427244 1.4854168057131416
0.27 1.5889227779427244 1.4854168057131416
0.28 1.5889227779427244 1.4854168057131416
0.29 1.5889227779427244 1.4854168057131416
0.3 1.5889227779427244 1.4854168057131416
0.31 1.5889227779427244 1.4854168057131416
0.32 1.5889227779427244 1.4854168057131416
0.33 1.5889227779427244 1.4854168057131416
0.34 1.5889227779427244 1.4854168057131416
0.35 1.5889227779427244 1.4854168057131416
0.36 1.5889227779427244 1.4854168057131416
0.37 1.5889227779427244 1.4854168057131416
0.38 1.5889227779427244 1.4854168057131416
0.39 1.5889227779427244 1.4854168057131416
0.4 1.5889227779427244 1.4854168057131416
0.41 1.5889227779427244 1.4854168057131416
0.42 1.5889227779427244 1.4854168057131416
0.43 1.5889227779427244 1.4854168057131416
0.44 1.5889227779427244 1.4854168057131416
0.45 1.5889227779427244 1.4854168057131416
0.46 1.5889227779427244 1.4854168057131416
0.47 1.5889227779427244 1.4854168057131416
0.48 1.5889227779427244 1.4854168057131416
0.49 1.5889227779427244 1.4854168057131416
0.5 1.5883289697427732 1.4849273621215155
0.51 1.5831466436341062 1.480655854412779
0.52 1.5823908877432589 1.480032926205255
0.53 1.5817161056978597 1.4794767403056797
0.54 1.5807174282706686 1.4786535851743086
0.55 1.5800156549434532 1.4780751518387505
0.56 1.5794488380253178 1.4776079556831074
0.57 1.57923290777079 1.4774299761952434
0.58 1.5784231693163109 1.4767625531157533
0.59 1.577370509325488 1.4758949031124162
0.6 1.5770466139436963 1.4756279338806202
0.61 1.576263866771033 1.4749827582371131
0.62 1.5754271370347377 1.47429308772164
0.63 1.5744284596075468 1.473469932590269
0.64 1.5733218170530918 1.4725577877149658
0.65 1.5724311047531647 1.4718236223275267
0.66 1.5713784447623418 1.4709559723241896
0.67 1.5705687063078626 1.4702885492446995
0.68 1.569165159653432 1.4691316825735834
0.69 1.5681664822262409 1.4683085274422123
0.7 1.5667899268536263 1.4671739082070792
0.71 1.5658182407082513 1.466373000511691
0.72 1.5642527463629248 1.465082649224677
0.73 1.5632270776539179 1.4642372466573228
0.74 1.5616345920267753 1.4629246479343256
0.75 1.5597182110178411 1.4613450799795324
0.76 1.5578018300089072 1.4597655120247393
0.77 1.5556695187454452 1.4580079645820818
0.78 1.5542929633728306 1.4568733453469487
0.79 1.5532672946638235 1.4560279427795946
0.8 1.550838079300386 1.4540256735411243
0.81 1.54886771572782 1.4524016107143651
0.82 1.5475991254824693 1.451355981223164
0.83 1.5460876137007746 1.4501101248081159
0.84 1.5433345029555454 1.4478408863378496
0.85 1.5412021916920835 1.4460833388951924
0.86 1.538665011201382 1.44399207991279
0.87 1.5364517260924722 1.4421677901621839
0.88 1.5350481794380415 1.4410109234910677
0.89 1.5325649815109719 1.4389641593806315
0.9 1.5297039056384787 1.436605931166433
0.91 1.5266268995114578 1.4340697234643707
0.92 1.522281303139086 1.4304878862711072
0.93 1.5195551836756727 1.428240895236824
0.94 1.515236578585117 1.4246813054795435
0.95 1.5103511565764258 1.42065451956662
0.96 1.5076250371130124 1.4184075285323368
0.97 1.5044400658587276 1.4157823310863422
0.98 1.5041971443223838 1.4155821041624952
0.99 1.5130502847580232 1.4228792631649203
1.0 1.5678695781262653 1.4680638056463993
