0.0 1.783367972144997 1.645687334534695
0.01 1.586331614888391 1.4832810518587733
0.02 1.586412588733839 1.4833477941667224
0.03 1.586412588733839 1.4833477941667224
0.04 1.586412588733839 1.4833477941667224
0.05 1.586385597452023 1.4833255467307394
0.06 1.586385597452023 1.4833255467307394
0.07 1.5862776323247592 1.4832365569868073
0.08 1.5862776323247592 1.4832365569868073
0.09 1.5862776323247592 1.4832365569868073
0.1 1.586304623606575 1.4832588044227903
0.11 1.586304623606575 1.4832588044227903
0.12 1.586358606170207 1.4833032992947563
0.13 1.586358606170207 1.4833032992947563
0.14 1.5864665712974708 1.4833922890386884
0.15 1.5864665712974708 1.4833922890386884
0.16 1.5864665712974708 1.4833922890386884
0.17 1.5864665712974708 1.4833922890386884
0.18 1.586439580015655 1.4833700416027054
0.19 1.586439580015655 1.4833700416027054
0.2 1.586385597452023 1.4833255467307394
0.21 1.586385597452023 1.4833255467307394
0.22 1.586385597452023 1.4833255467307394
0.23 1.586385597452023 1.4833255467307394
0.24 1.586385597452023 1.4833255467307394
0.25 1.586385597452023 1.4833255467307394
0.26 1.586385597452023 1.4833255467307394
0.27 1.586385597452023 1.4833255467307394
0.28 1.586385597452023 1.4833255467307394
0.29 1.586385597452023 1.4833255467307394
0.3 1.586385597452023 1.4833255467307394
0.31 1.586385597452023 1.4833255467307394
0.32 1.586385597452023 1.4833255467307394
0.33 1.586385597452023 1.4833255467307394
0.34 1.586385597452023 1.4833255467307394
0.35 1.586385597452023 1.4833255467307394
0.36 1.586385597452023 1.4833255467307394
0.37 1.586385597452023 1.4833255467307394
0.38 1.586385597452023 1.4833255467307394
0.39 1.586385597452023 1.4833255467307394
0.4 1.586385597452023 1.4833255467307394
0.41 1.586385597452023 1.4833255467307394
0.42 1.586385597452023 1.4833255467307394
0.43 1.586385597452023 1.4833255467307394
0.44 1.586385597452023 1.4833255467307394
0.45 1.586385597452023 1.4833255467307394
0.46 1.586385597452023 1.4833255467307394
0.47 1.586385597452023 1.4833255467307394
0.48 1.586385597452023 1.4833255467307394
0.49 1.586385597452023 1.4833255467307394
0.5 1.5857917892520716 1.4828361031391133
0.51 1.5817700882614916 1.4795212351776457
0.52 1.5806094631434047 1.4785645954303765
0.53 1.5798537072525574 1.4779416672228525
0.54 1.5794758293071338 1.4776302031190904
0.55 1.5793678641798699 1.4775412133751584
0.56 1.5785851170072067 1.4768960377316513
0.57 1.5779103349618073 1.4763398518320763
0.58 1.5774244918891198 1.4759393979843822
0.59 1.576209884207401 1.474938263365147
0.6 1.5756970498528975 1.47451556208147
0.61 1.5750492590893141 1.473981623617878
0.62 1.574158546789387 1.473247458230439
0.63 1.5731058867985641 1.4723798082271018
0.64 1.572107209371373 1.4715566530957307
0.65 1.5712704796350778 1.4708669825802576
0.66 1.569947906826095 1.4697768582170905
0.67 1.5690032119625361 1.4689981979576854
0.68 1.5677346217171853 1.4679525684664843
0.69 1.5665470053172825 1.4669736812832321
0.7 1.56508947609922 1.46577231974015
0.71 1.564090798672029 1.4649491646087789
0.72 1.5632540689357337 1.4642594940933058
0.73 1.561985478690383 1.4632138646021047
0.74 1.5606629058814003 1.4621237402389375
0.75 1.5585845771815703 1.4604106876682463
0.76 1.556803152581716 1.458942356893368
0.77 1.5552106669545738 1.4576297581703708
0.78 1.553834111581959 1.4564951389352376
0.79 1.5521606521093687 1.4551157979042915
0.8 1.549839401873195 1.4532025184097532
0.81 1.546951334718886 1.450822042759572
0.82 1.5455207967826392 1.4496429286524728
0.83 1.5432265378282815 1.4477518965939176
0.84 1.5414181219466112 1.4462613183830564
0.85 1.5394747496558612 1.4446595029922802
0.86 1.537504386083295 1.443035440165521
0.87 1.5353720748198332 1.4412778927228638
0.88 1.5321601122837323 1.4386304478408862
0.89 1.5300817835839025 1.436917395270195
0.9 1.5268968123296176 1.4342921978242007
0.91 1.5240357364571244 1.4319339696100024
0.92 1.5206348349483116 1.429130792676144
0.93 1.5171529595940512 1.4262608734343367
0.94 1.5128073632216794 1.4226790362410733
0.95 1.5097573483764744 1.420165075974994
0.96 1.5063564468676618 1.4173618990411354
0.97 1.504008205349672 1.4154263721106142
0.98 1.504170153040568 1.4155598567265122
0.99 1.5137250668034226 1.4234354490644954
1.0 1.5683554211989528 1.4684642594940933
