0.0 1.7798051229452887 1.6426934798567392
0.01 1.583227617479554 1.4806798211465309
0.02 1.583281600043186 1.480724312059262
0.03 1.583227617479554 1.4806798211465309
0.04 1.583227617479554 1.4806798211465309
0.05 1.583227617479554 1.4806798211465309
0.06 1.583200626197738 1.4806575756901652
0.07 1.5830926610704743 1.480568593864703
0.08 1.5830926610704743 1.480568593864703
0.09 1.5830926610704743 1.480568593864703
0.1 1.5831196523522901 1.4805908393210687
0.11 1.5831196523522901 1.4805908393210687
0.12 1.5831736349159222 1.4806353302337998
0.13 1.5831736349159222 1.4806353302337998
0.14 1.583281600043186 1.480724312059262
0.15 1.583281600043186 1.480724312059262
0.16 1.583281600043186 1.480724312059262
0.17 1.583281600043186 1.480724312059262
0.18 1.5832546087613701 1.4807020666028963
0.19 1.5832546087613701 1.4807020666028963
0.2 1.583200626197738 1.4806575756901652
0.21 1.583200626197738 1.4806575756901652
0.22 1.583200626197738 1.4806575756901652
0.23 1.583200626197738 1.4806575756901652
0.24 1.583200626197738 1.4806575756901652
0.25 1.583200626197738 1.4806575756901652
0.26 1.583200626197738 1.4806575756901652
0.27 1.583200626197738 1.4806575756901652
0.28 1.583200626197738 1.4806575756901652
0.29 1.583200626197738 1.4806575756901652
0.3 1.583200626197738 1.4806575756901652
0.31 1.583200626197738 1.4806575756901652
0.32 1.583200626197738 1.4806575756901652
0.33 1.583200626197738 1.4806575756901652
0.34 1.583200626197738 1.4806575756901652
0.35 1.583200626197738 1.4806575756901652
0.36 1.583200626197738 1.4806575756901652
0.37 1.583200626197738 1.4806575756901652
0.38 1.583200626197738 1.4806575756901652
0.39 1.583200626197738 1.4806575756901652
0.4 1.583200626197738 1.4806575756901652
0.41 1.583200626197738 1.4806575756901652
0.42 1.583200626197738 1.4806575756901652
0.43 1.583200626197738 1.4806575756901652
0.44 1.583200626197738 1.4806575756901652
0.45 1.583200626197738 1.4806575756901652
0.46 1.583200626197738 1.4806575756901652
0.47 1.583200626197738 1.4806575756901652
0.48 1.583200626197738 1.4806575756901652
0.49 1.583200626197738 1.4806575756901652
0.5 1.5826068179977868 1.4801681756501235
0.51 1.5775054657345677 1.475963784397037
0.52 1.5767767011255365 1.4753631570751673
0.53 1.5761289103619531 1.4748292661223945
0.54 1.5754541283165537 1.474273129713256
0.55 1.5745094334529948 1.4734945387404623
0.56 1.574266511916651 1.4732943296331724
0.57 1.574158546789387 1.4732053478077103
0.58 1.5734297821803558 1.4726047204858408
0.59 1.5725660611622445 1.4718928658821435
0.6 1.5724311047531647 1.471781638600316
0.61 1.5718103052713974 1.4712699931039086
0.62 1.5712704796350778 1.4708250839765977
0.63 1.5709465842532861 1.4705581385002113
0.64 1.5706496801533105 1.4703134384801904
0.65 1.5695430375988555 1.4694013747692034
0.66 1.5690302032443522 1.4689787110982582
0.67 1.568301438635321 1.4683780837763887
0.68 1.5674917001808415 1.4677107200854225
0.69 1.5663310750627548 1.4667541654617045
0.7 1.5655753191719075 1.4661312926834693
0.71 1.5639558422629491 1.4647965653015371
0.72 1.562930173553942 1.4639512379596467
0.73 1.561931496126751 1.4631281560741218
0.74 1.5605009581905045 1.4619491468867485
0.75 1.5584496207724905 1.4602584922029676
0.76 1.5572889956544036 1.4593019375792495
0.77 1.555804475154525 1.458078437479145
0.78 1.5535641987637994 1.4562320646008053
0.79 1.5519717131366568 1.4549195826752386
0.8 1.5500823234095387 1.453362400729651
0.81 1.548894707009636 1.4523836006495674
0.82 1.5466004480552782 1.4504927368584966
0.83 1.5439013198736808 1.4482681912219428
0.84 1.5411482091284514 1.445999154672658
0.85 1.538449080946854 1.4437746090361043
0.86 1.5362627871197603 1.4419727270704958
0.87 1.5333477286836352 1.4395702177830179
0.88 1.5317552430564927 1.438257735857451
0.89 1.529380010256687 1.4363001356972838
0.9 1.525277335420659 1.4329188263297221
0.91 1.5224972333936138 1.430627544324072
0.92 1.519150314448433 1.4278691077347452
0.93 1.5174768549758428 1.426489889440082
0.94 1.5124024939944398 1.4223077436433609
0.95 1.509082566331075 1.4195715525103998
0.96 1.5067883073767174 1.4176806887193292
0.97 1.5052767955950228 1.416434943162859
0.98 1.5037922750951442 1.4152114430627545
0.99 1.5128073632216794 1.422641425488844
1.0 1.5684633863262167 1.4685115565145819
