0.0 1.7881184377446084 1.6495884315906564
0.01 1.5855218764339118 1.482602892102336
0.02 1.5855758589975437 1.4826473859844271
0.03 1.5855218764339118 1.482602892102336
0.04 1.5855218764339118 1.482602892102336
0.05 1.5854948851520958 1.4825806451612904
0.06 1.5854948851520958 1.4825806451612904
0.07 1.585440902588464 1.482536151279199
0.08 1.585440902588464 1.482536151279199
0.09 1.585440902588464 1.482536151279199
0.1 1.58546789387028 1.4825583982202448
0.11 1.58546789387028 1.4825583982202448
0.12 1.5855218764339118 1.482602892102336
0.13 1.5855218764339118 1.482602892102336
0.14 1.5856028502793598 1.4826696329254727
0.15 1.5856298415611758 1.4826918798665183
0.16 1.5856298415611758 1.4826918798665183
0.17 1.5856298415611758 1.4826918798665183
0.18 1.5856028502793598 1.4826696329254727
0.19 1.5856028502793598 1.4826696329254727
0.2 1.5855218764339118 1.482602892102336
0.21 1.5855218764339118 1.482602892102336
0.22 1.5855218764339118 1.482602892102336
0.23 1.5855218764339118 1.482602892102336
0.24 1.5855218764339118 1.482602892102336
0.25 1.5855218764339118 1.482602892102336
0.26 1.5855218764339118 1.482602892102336
0.27 1.5855218764339118 1.482602892102336
0.28 1.5855218764339118 1.482602892102336
0.29 1.5855218764339118 1.482602892102336
0.3 1.5855218764339118 1.482602892102336
0.31 1.5855218764339118 1.482602892102336
0.32 1.5855218764339118 1.482602892102336
0.33 1.5855218764339118 1.482602892102336
0.34 1.5855218764339118 1.482602892102336
0.35 1.5855218764339118 1.482602892102336
0.36 1.5855218764339118 1.482602892102336
0.37 1.5855218764339118 1.482602892102336
0.38 1.5855218764339118 1.482602892102336
0.39 1.5855218764339118 1.482602892102336
0.4 1.5855218764339118 1.482602892102336
0.41 1.5855218764339118 1.482602892102336
0.42 1.5855218764339118 1.482602892102336
0.43 1.5855218764339118 1.482602892102336
0.44 1.5855218764339118 1.482602892102336
0.45 1.5855218764339118 1.482602892102336
0.46 1.5855218764339118 1.482602892102336
0.47 1.5855218764339118 1.482602892102336
0.48 1.5855218764339118 1.482602892102336
0.49 1.5855218764339118 1.482602892102336
0.5 1.5849280682339604 1.4821134593993326
0.51 1.5803395503252449 1.4783314794215796
0.52 1.5793678641798699 1.4775305895439377
0.53 1.5785311344435746 1.4768409343715239
0.54 1.5777753785527275 1.476218020022247
0.55 1.5770196226618802 1.47559510567297
0.56 1.5763448406164808 1.4750389321468298
0.57 1.5759939539528731 1.4747497219132368
0.58 1.5754271370347377 1.4742825361512792
0.59 1.5744284596075468 1.4734593993325917
0.6 1.5739696078166752 1.4730812013348165
0.61 1.5728629652622204 1.4721690767519466
0.62 1.5722421657804528 1.4716573971078977
0.63 1.5709735755351022 1.4706117908787542
0.64 1.5703527760533347 1.4701001112347052
0.65 1.5688142729898242 1.4688320355951057
0.66 1.568220464789873 1.4683426028921023
0.67 1.5669518745445221 1.4672969966629588
0.68 1.566142136090043 1.4666295884315907
0.69 1.5653054063537477 1.465939933259177
0.7 1.564090798672029 1.4649388209121246
0.71 1.56314610380847 1.4641601779755284
0.72 1.5617965397176712 1.463047830923248
0.73 1.5606629058814003 1.4621134593993326
0.74 1.558908472563362 1.4606674082313682
0.75 1.558044751545251 1.4599555061179088
0.76 1.5566142136090042 1.4587764182424916
0.77 1.5545088936273583 1.4570411568409343
0.78 1.551701800318497 1.4547274749721912
0.79 1.5504332100731464 1.4536818687430477
0.8 1.548894707009636 1.4524137931034482
0.81 1.5473022213824934 1.4511012235817575
0.82 1.5456017706280871 1.4496996662958843
0.83 1.5433884855191773 1.4478754171301447
0.84 1.5414990957920591 1.4463181312569522
0.85 1.5389619153013576 1.4442269187986652
0.86 1.5368296040378957 1.4424694104560623
0.87 1.5337795891926909 1.4399555061179088
0.88 1.531431347674701 1.438020022246941
0.89 1.5276255769386489 1.4348832035595105
0.9 1.5241437015843882 1.4320133481646273
0.91 1.5225242246754298 1.430678531701891
0.92 1.5186914626575616 1.427519466073415
0.93 1.51615428216686 1.425428253615128
0.94 1.5119166509217523 1.4219354838709677
0.95 1.5088936273583633 1.4194438264738598
0.96 1.5056546735404464 1.416774193548387
0.97 1.5029285540770332 1.4145272525027808
0.98 1.5033874058679046 1.4149054505005563
0.99 1.5125914329671517 1.4224916573971078
1.0 1.569165159653432 1.4691212458286986
