0.0 1.7821533644632783 1.6446861999154598
0.01 1.5900564117789955 1.4863511980244277
0.02 1.5901103943426274 1.4863956928963937
0.03 1.5901103943426274 1.4863956928963937
0.04 1.5901103943426274 1.4863956928963937
0.05 1.5901103943426274 1.4863956928963937
0.06 1.5900834030608113 1.4863734454604107
0.07 1.5899484466517315 1.4862622082804957
0.08 1.5899484466517315 1.4862622082804957
0.09 1.5899484466517315 1.4862622082804957
0.1 1.5899754379335476 1.4862844557164787
0.11 1.5899754379335476 1.4862844557164787
0.12 1.5900294204971794 1.4863289505884447
0.13 1.5900294204971794 1.4863289505884447
0.14 1.5901103943426274 1.4863956928963937
0.15 1.5901373856244434 1.4864179403323767
0.16 1.5901373856244434 1.4864179403323767
0.17 1.5901373856244434 1.4864179403323767
0.18 1.5901103943426274 1.4863956928963937
0.19 1.5901103943426274 1.4863956928963937
0.2 1.5900294204971794 1.4863289505884447
0.21 1.5900294204971794 1.4863289505884447
0.22 1.5900294204971794 1.4863289505884447
0.23 1.5900294204971794 1.4863289505884447
0.24 1.5900294204971794 1.4863289505884447
0.25 1.5900294204971794 1.4863289505884447
0.26 1.5900294204971794 1.4863289505884447
0.27 1.5900294204971794 1.4863289505884447
0.28 1.5900294204971794 1.4863289505884447
0.29 1.5900294204971794 1.4863289505884447
0.3 1.5900294204971794 1.4863289505884447
0.31 1.5900294204971794 1.4863289505884447
0.32 1.5900294204971794 1.4863289505884447
0.33 1.5900294204971794 1.4863289505884447
0.34 1.5900294204971794 1.4863289505884447
0.35 1.5900294204971794 1.4863289505884447
0.36 1.5900294204971794 1.4863289505884447
0.37 1.5900294204971794 1.4863289505884447
0.38 1.5900294204971794 1.4863289505884447
0.39 1.5900294204971794 1.4863289505884447
0.4 1.5900294204971794 1.4863289505884447
0.41 1.5900294204971794 1.4863289505884447
0.42 1.5900294204971794 1.4863289505884447
0.43 1.5900294204971794 1.4863289505884447
0.44 1.5900294204971794 1.4863289505884447
0.45 1.5900294204971794 1.4863289505884447
0.46 1.5900294204971794 1.4863289505884447
0.47 1.5900294204971794 1.4863289505884447
0.48 1.5900294204971794 1.4863289505884447
0.49 1.5900294204971794 1.4863289505884447
0.5 1.589435612297228 1.4858395069968187
0.51 1.5846311641339847 1.4818794633918442
0.52 1.58338956517045 1.480856081336626
0.53 1.5826338092796026 1.480233153129102
0.54 1.5820939836432832 1.479788204409442
0.55 1.5810683149342761 1.4789428018420876
0.56 1.5807174282706686 1.4786535851743086
0.57 1.5806094631434047 1.4785645954303765
0.58 1.5798267159707415 1.4779194197868695
0.59 1.5787740559799184 1.4770517697835324
0.6 1.5784771518799428 1.4768070479877193
0.61 1.5779103349618073 1.4763398518320763
0.62 1.5771275877891442 1.4756946761885692
0.63 1.576290858052849 1.4750050056730961
0.64 1.575238198062026 1.474137355669759
0.65 1.5742935031984668 1.473358695410354
0.66 1.5734837647439877 1.4726912723308638
0.67 1.5728359739804043 1.4721573338672718
0.68 1.5718642878350293 1.4713564261718837
0.69 1.571243488353262 1.4708447351442746
0.7 1.570055871953359 1.4698658479610225
0.71 1.5690302032443522 1.4690204453936684
0.72 1.568085508380793 1.4682417851342633
0.73 1.5667629355718102 1.4671516607710962
0.74 1.5656023104537236 1.466195021023827
0.75 1.5634699991902616 1.4644374735811698
0.76 1.5615806094631435 1.4628801530623596
0.77 1.5603660017814247 1.4618790184431245
0.78 1.5595832546087613 1.4612338427996174
0.79 1.5584766120543065 1.4603216979243143
0.8 1.555939431563605 1.4582304389419118
0.81 1.5540500418364869 1.4566731184231017
0.82 1.5526464951820562 1.4555162517519855
0.83 1.5506761316094901 1.4538921889252263
0.84 1.548678776755108 1.4522458786624841
0.85 1.5464115090825663 1.4503770940399119
0.86 1.5433075116737294 1.4478186389018666
0.87 1.5412291829738993 1.4461055863311754
0.88 1.538772976328646 1.4440810696567221
0.89 1.5352371184107534 1.4411666555429488
0.9 1.5318362169019406 1.4383634786090902
0.91 1.5277065507840968 1.4349596209036908
0.92 1.523414936975357 1.4314222785823933
0.93 1.5197441226483845 1.428396627288705
0.94 1.5154525088396449 1.4248592849674075
0.95 1.5115387729763285 1.4216334067498722
0.96 1.5086507058220195 1.4192529310996909
0.97 1.5059515776404222 1.4170281875013904
0.98 1.5047909525223353 1.4160715477541213
0.99 1.5141299360306621 1.4237691606042404
1.0 1.5685173688898486 1.4685977441099913
