0.0 1.7810737131906393 1.6437390163059196
0.01 1.5840103646522172 1.4813249393811314
0.02 1.5840913384976651 1.4813916757502281
0.03 1.5840913384976651 1.4813916757502281
0.04 1.5840913384976651 1.4813916757502281
0.05 1.5840643472158493 1.4813694302938625
0.06 1.5840643472158493 1.4813694302938625
0.07 1.5839563820885854 1.4812804484684003
0.08 1.5839563820885854 1.4812804484684003
0.09 1.5839563820885854 1.4812804484684003
0.1 1.5839833733704014 1.4813026939247658
0.11 1.5839833733704014 1.4813026939247658
0.12 1.5840373559340333 1.4813471848374968
0.13 1.5840373559340333 1.4813471848374968
0.14 1.5841183297794812 1.4814139212065935
0.15 1.5841453210612972 1.4814361666629592
0.16 1.5841453210612972 1.4814361666629592
0.17 1.5841453210612972 1.4814361666629592
0.18 1.5841183297794812 1.4814139212065935
0.19 1.5841183297794812 1.4814139212065935
0.2 1.5840913384976651 1.4813916757502281
0.21 1.5840913384976651 1.4813916757502281
0.22 1.5840913384976651 1.4813916757502281
0.23 1.5840913384976651 1.4813916757502281
0.24 1.5840913384976651 1.4813916757502281
0.25 1.5840913384976651 1.4813916757502281
0.26 1.5840913384976651 1.4813916757502281
0.27 1.5840913384976651 1.4813916757502281
0.28 1.5840913384976651 1.4813916757502281
0.29 1.5840913384976651 1.4813916757502281
0.3 1.5840913384976651 1.4813916757502281
0.31 1.5840913384976651 1.4813916757502281
0.32 1.5840913384976651 1.4813916757502281
0.33 1.5840913384976651 1.4813916757502281
0.34 1.5840913384976651 1.4813916757502281
0.35 1.5840913384976651 1.4813916757502281
0.36 1.5840913384976651 1.4813916757502281
0.37 1.5840913384976651 1.4813916757502281
0.38 1.5840913384976651 1.4813916757502281
0.39 1.5840913384976651 1.4813916757502281
0.4 1.5840913384976651 1.4813916757502281
0.41 1.5840913384976651 1.4813916757502281
0.42 1.5840913384976651 1.4813916757502281
0.43 1.5840913384976651 1.4813916757502281
0.44 1.5840913384976651 1.4813916757502281
0.45 1.5840913384976651 1.4813916757502281
0.46 1.5840913384976651 1.4813916757502281
0.47 1.5840913384976651 1.4813916757502281
0.48 1.5840913384976651 1.4813916757502281
0.49 1.5840913384976651 1.4813916757502281
0.5 1.5834705390158978 1.4808800302538208
0.51 1.5785581257253907 1.476831357195293
0.52 1.5774244918891198 1.4758970480279403
0.53 1.5765337795891927 1.4751629479678776
0.54 1.5758589975437933 1.4746068115587392
0.55 1.5748603201166023 1.4737837296732141
0.56 1.5743744770439148 1.4733833114586345
0.57 1.5741045642257552 1.4731608568949792
0.58 1.5736996949985156 1.4728271750494961
0.59 1.5725120785986126 1.4718483749694125
0.6 1.5722421657804528 1.4716259204057571
0.61 1.57132446219871 1.4708695748893288
0.62 1.5709465842532861 1.4705581385002113
0.63 1.570163837080623 1.4699130202656108
0.64 1.5691111770898 1.4690454474673549
0.65 1.567896569408081 1.4680444019309056
0.66 1.5668978919808902 1.4672213200453808
0.67 1.565980188399147 1.4664649745289524
0.68 1.5655213366082756 1.4660868017707382
0.69 1.564873545844692 1.4655529108179655
0.7 1.563982833544765 1.4648188107579028
0.71 1.562930173553942 1.4639512379596467
0.72 1.5615266268995114 1.4627944742286387
0.73 1.5602040540905289 1.4617044468667275
0.74 1.5586655510270182 1.4604364558538918
0.75 1.5566681961726363 1.4587902920828422
0.76 1.5555345623363654 1.4578559829154896
0.77 1.5542659720910146 1.4568104464663092
0.78 1.5531053469729277 1.4558538918425912
0.79 1.5512159572458095 1.4542967098970034
0.8 1.5492995762368755 1.4527172824950503
0.81 1.5471672649734136 1.4509598914421729
0.82 1.544899997300872 1.4490912731074679
0.83 1.543685389619153 1.4480902275710186
0.84 1.5414990957920591 1.44628834560541
0.85 1.5402035142648924 1.4452205636998643
0.86 1.5383141245377743 1.4436633817542768
0.87 1.5358849091743367 1.4416612906813784
0.88 1.5332667548381873 1.4395034814139211
0.89 1.5305136440929579 1.4372344448646364
0.9 1.5269777861750655 1.434320290080751
0.91 1.5240357364571244 1.4318955353369074
0.92 1.5209857216119194 1.4293817987676016
0.93 1.5180976544576101 1.4270015349364893
0.94 1.5135091365488946 1.4232198073543478
0.95 1.5096493832492106 1.420038707094076
0.96 1.5067613160949014 1.4176584432629635
0.97 1.5054387432859186 1.4165684159010523
0.98 1.5046290048314395 1.415901052210086
0.99 1.5126993980944154 1.4225524436633818
1.0 1.5676806391535534 1.4678664382799813
