0.0 1.785689222381171 1.647557394554191
0.01 1.5857108154066237 1.4827371418401851
0.02 1.5857917892520716 1.4828038796938958
0.03 1.5857378066884396 1.482759387791422
0.04 1.5857378066884396 1.482759387791422
0.05 1.5857108154066237 1.4827371418401851
0.06 1.5857108154066237 1.4827371418401851
0.07 1.5856028502793598 1.4826481580352375
0.08 1.5856028502793598 1.4826481580352375
0.09 1.5856028502793598 1.4826481580352375
0.1 1.5856298415611758 1.4826704039864744
0.11 1.5856298415611758 1.4826704039864744
0.12 1.5856838241248077 1.4827148958889482
0.13 1.5856838241248077 1.4827148958889482
0.14 1.5857647979702556 1.482781633742659
0.15 1.5857917892520716 1.4828038796938958
0.16 1.5857917892520716 1.4828038796938958
0.17 1.5857917892520716 1.4828038796938958
0.18 1.5857647979702556 1.482781633742659
0.19 1.5857647979702556 1.482781633742659
0.2 1.5857108154066237 1.4827371418401851
0.21 1.5857108154066237 1.4827371418401851
0.22 1.5857108154066237 1.4827371418401851
0.23 1.5857108154066237 1.4827371418401851
0.24 1.5857108154066237 1.4827371418401851
0.25 1.5857108154066237 1.4827371418401851
0.26 1.5857108154066237 1.4827371418401851
0.27 1.5857108154066237 1.4827371418401851
0.28 1.5857108154066237 1.4827371418401851
0.29 1.5857108154066237 1.4827371418401851
0.3 1.5857108154066237 1.4827371418401851
0.31 1.5857108154066237 1.4827371418401851
0.32 1.5857108154066237 1.4827371418401851
0.33 1.5857108154066237 1.4827371418401851
0.34 1.5857108154066237 1.4827371418401851
0.35 1.5857108154066237 1.4827371418401851
0.36 1.5857108154066237 1.4827371418401851
0.37 1.5857108154066237 1.4827371418401851
0.38 1.5857108154066237 1.4827371418401851
0.39 1.5857108154066237 1.4827371418401851
0.4 1.5857108154066237 1.4827371418401851
0.41 1.5857108154066237 1.4827371418401851
0.42 1.5857108154066237 1.4827371418401851
0.43 1.5857108154066237 1.4827371418401851
0.44 1.5857108154066237 1.4827371418401851
0.45 1.5857108154066237 1.4827371418401851
0.46 1.5857108154066237 1.4827371418401851
0.47 1.5857108154066237 1.4827371418401851
0.48 1.5857108154066237 1.4827371418401851
0.49 1.5857108154066237 1.4827371418401851
0.5 1.5850900159248562 1.482225484961737
0.51 1.580177602634349 1.4781767218366257
0.52 1.5790439687980782 1.477242391884677
0.53 1.5787740559799184 1.4770199323723083
0.54 1.578315204189047 1.4766417512012813
0.55 1.5777483872709115 1.476174586225307
0.56 1.577235552916408 1.4757519131518064
0.57 1.5764528057437448 1.475106780565937
0.58 1.5759939539528731 1.4747285993949102
0.59 1.5750492590893141 1.4739499911016194
0.6 1.5745634160166266 1.4735495639793557
0.61 1.5736996949985156 1.4728376935397758
0.62 1.5730249129531162 1.472281544758854
0.63 1.5717023401441335 1.471191493148247
0.64 1.5706226888714945 1.470301655098772
0.65 1.569273124780696 1.4691893575369284
0.66 1.5687063078625605 1.468722192560954
0.67 1.5681664822262409 1.4682772735362164
0.68 1.567059839671786 1.4673651895355044
0.69 1.5663580663445706 1.4667867948033457
0.7 1.5652514237901158 1.465874710802634
0.71 1.5641447812356608 1.464962626801922
0.72 1.5635779643175254 1.4644954618259476
0.73 1.5627142432994143 1.4637835913863677
0.74 1.5618235309994872 1.4630494749955507
0.75 1.5602310453723447 1.4617369638725752
0.76 1.558827498717914 1.4605801744082576
0.77 1.5573699694998515 1.4593788930414664
0.78 1.5554265972091015 1.4577771845524115
0.79 1.5545088936273583 1.4570208222103578
0.8 1.5521066695457366 1.4550409325502758
0.81 1.549785419309563 1.4531277807439047
0.82 1.5475991254824693 1.4513258586937177
0.83 1.5451969014008475 1.4493459690336359
0.84 1.5434964506464413 1.4479444741057128
0.85 1.5409052875921077 1.4458088627869727
0.86 1.5397716537558368 1.444874532835024
0.87 1.5370185430106076 1.4426054458088629
0.88 1.5352371184107534 1.441137213027229
0.89 1.5321331210019165 1.4385789286349884
0.9 1.528435315393128 1.4355312333155366
0.91 1.5257091959297147 1.4332843922406122
0.92 1.5220113903209262 1.4302366969211604
0.93 1.5185834975302976 1.4274114611140771
0.94 1.5156414478123565 1.4249866524292578
0.95 1.512051607330832 1.4220279409147536
0.96 1.5074630894221166 1.4182461292044848
0.97 1.5052498043132068 1.416421961203061
0.98 1.5055736996949984 1.4166889126179036
0.99 1.51407595346703 1.4236963872575192
1.0 1.5687063078625605 1.468722192560954
