0.0 1.7849874490539557 1.6469789998220323
0.01 1.5834435477340818 1.4808684819362876
0.02 1.583497530297714 1.4809129738387614
0.03 1.583497530297714 1.4809129738387614
0.04 1.583497530297714 1.4809129738387614
0.05 1.583497530297714 1.4809129738387614
0.06 1.5834705390158978 1.4808907278875245
0.07 1.5834435477340818 1.4808684819362876
0.08 1.5834435477340818 1.4808684819362876
0.09 1.5834435477340818 1.4808684819362876
0.1 1.5834705390158978 1.4808907278875245
0.11 1.5834705390158978 1.4808907278875245
0.12 1.5835245215795297 1.4809352197899983
0.13 1.5835245215795297 1.4809352197899983
0.14 1.5836324867067937 1.4810242035949457
0.15 1.5836324867067937 1.4810242035949457
0.16 1.5836324867067937 1.4810242035949457
0.17 1.5836324867067937 1.4810242035949457
0.18 1.5836054954249776 1.4810019576437088
0.19 1.5836054954249776 1.4810019576437088
0.2 1.5835515128613458 1.480957465741235
0.21 1.5835515128613458 1.480957465741235
0.22 1.5835515128613458 1.480957465741235
0.23 1.5835515128613458 1.480957465741235
0.24 1.5835515128613458 1.480957465741235
0.25 1.5835515128613458 1.480957465741235
0.26 1.5835515128613458 1.480957465741235
0.27 1.5835515128613458 1.480957465741235
0.28 1.5835515128613458 1.480957465741235
0.29 1.5835515128613458 1.480957465741235
0.3 1.5835515128613458 1.480957465741235
0.31 1.5835515128613458 1.480957465741235
0.32 1.5835515128613458 1.480957465741235
0.33 1.5835515128613458 1.480957465741235
0.34 1.5835515128613458 1.480957465741235
0.35 1.5835515128613458 1.480957465741235
0.36 1.5835515128613458 1.480957465741235
0.37 1.5835515128613458 1.480957465741235
0.38 1.5835515128613458 1.480957465741235
0.39 1.5835515128613458 1.480957465741235
0.4 1.5835515128613458 1.480957465741235
0.41 1.5835515128613458 1.480957465741235
0.42 1.5835515128613458 1.480957465741235
0.43 1.5835515128613458 1.480957465741235
0.44 1.5835515128613458 1.480957465741235
0.45 1.5835515128613458 1.480957465741235
0.46 1.5835515128613458 1.480957465741235
0.47 1.5835515128613458 1.480957465741235
0.48 1.5835515128613458 1.480957465741235
0.49 1.5835515128613458 1.480957465741235
0.5 1.5829577046613943 1.4804680548140239
0.51 1.5779913088072552 1.476374799786439
0.52 1.5771275877891442 1.4756629293468588
0.53 1.5764258144619288 1.4750845346147001
0.54 1.5758050149801615 1.474572877736252
0.55 1.5754541283165537 1.4742836803701727
0.56 1.5748063375529704 1.4737497775404875
0.57 1.5744284596075468 1.4734383342231714
0.58 1.5740235903803073 1.4731046449546183
0.59 1.5727010175713245 1.4720145933440114
0.6 1.572080218089557 1.4715029364655632
0.61 1.5712704796350778 1.470835557928457
0.62 1.5708116278442064 1.47045737675743
0.63 1.5704067586169668 1.470123687488877
0.64 1.5694620637534076 1.4693450791955864
0.65 1.5685983427352965 1.4686332087560063
0.66 1.567977543253529 1.4681215518775583
0.67 1.5666549704445465 1.4670315002669514
0.68 1.5651164673810358 1.4657634810464495
0.69 1.5635239817538935 1.464450969923474
0.7 1.5624173391994385 1.463538885922762
0.71 1.5615266268995114 1.4628047695319453
0.72 1.5605009581905045 1.461959423384944
0.73 1.55885448999973 1.4606024203594945
0.74 1.5581257253906988 1.460001779676099
0.75 1.5563712920726605 1.458555792845702
0.76 1.5541040244001187 1.4566871329418045
0.77 1.5531323382547437 1.455886278697277
0.78 1.5523495910820806 1.4552411461114076
0.79 1.550919053145834 1.4540621106958533
0.8 1.54859780290966 1.452148958889482
0.81 1.5463035439553023 1.4502580530343478
0.82 1.5444951280736323 1.4487675743014772
0.83 1.5419039650192987 1.446631962982737
0.84 1.5402035142648924 1.445230468054814
0.85 1.5381251855650624 1.4435175298095746
0.86 1.5362897784015763 1.4420048051254672
0.87 1.533482685092715 1.4396912261968322
0.88 1.530540635374774 1.437266417512013
0.89 1.5281384112931524 1.435286527851931
0.9 1.5257631784933468 1.433328884143086
0.91 1.5237118410753328 1.4316381918490835
0.92 1.5199330616210964 1.428523758675921
0.93 1.5166401252395476 1.4258097526250222
0.94 1.5127803719398634 1.4226285815981492
0.95 1.5082998191584118 1.418935753692828
0.96 1.505060865340495 1.416266239544403
0.97 1.5039002402224082 1.4153096636412172
0.98 1.504170153040568 1.415532123153586
0.99 1.5135631191125267 1.4232737141840186
1.0 1.5683824124807688 1.4684552411461114
